// Middle Game pawn
0 0 0 0 0 0 0 0
50 50 50 50 50 50 50 50
10 10 20 30 30 20 10 10
 5 5 10 27 27 10 5 5
 0 0 0 25 25 0 0 0
 5 -5 -10 0 0 -10 -5 5
 5 10 10 -25 -25 10 10 5
 0 0 0 0 0 0 0 0
// Middle Game knight
 -50 -40 -30 -30 -30 -30 -40 -50
 -40 -20 0 0 0 0 -20 -40
 -30 0 10 15 15 10 0 -30
 -30 5 15 20 20 15 5 -30
 -30 0 15 20 20 15 0 -30
 -30 5 10 15 15 10 5 -30
 -40 -20 0 5 5 0 -20 -40
 -50 -40 -30 -30 -30 -30 -40 -50
// Middle Game bishop
 -20 -10 -10 -10 -10 -10 -10 -20
 -10 0 0 0 0 0 0 -10
 -10 0 5 10 10 5 0 -10
 -10 5 5 10 10 5 5 -10
 -10 0 10 10 10 10 0 -10
 -10 10 10 10 10 10 10 -10
 -10 5 0 0 0 0 5 -10
 -20 -10 -10 -10 -10 -10 -10 -20
// Middle Game rook
 0 0 0 0 0 0 0 0
 5 10 10 10 10 10 10 5
 -5 0 0 0 0 0 0 -5
 -5 0 0 0 0 0 0 -5
 -5 0 0 0 0 0 0 -5
 -5 0 0 0 0 0 0 -5
 -5 0 0 0 0 0 0 -5
 0 0 0 5 5 0 0 0
//Middle Game queen
 -20 -10 -10 -5 -5 -10 -10 -20
 -10 0 0 0 0 0 0 -10
 -10 0 5 5 5 5 0 -10
 -5 0 5 5 5 5 0 -5
 0 0 5 5 5 5 0 -5
 -10 5 5 5 5 5 0 -10
 -10 0 5 0 0 0 0 -10
 -20 -10 -10 -5 -5 -10 -10 -20
//Middle Game king
 -30 -40 -40 -50 -50 -40 -40 -30
 -30 -40 -40 -50 -50 -40 -40 -30
 -30 -40 -40 -50 -50 -40 -40 -30
 -30 -40 -40 -50 -50 -40 -40 -30
 -20 -30 -30 -40 -40 -30 -30 -20
 -10 -20 -20 -20 -20 -20 -20 -10
 20 20 0 0 0 0 20 20
 20 30 10 0 0 10 30 20
//End Game Pawn
0 0 0 0 0 0 0 0
70 70 70 70 70 70 70 70
45 30 25 20 20 25 30 45
33 17 7 0 0 7 17 33
25 10 0 -5 -5 0 10 25
20 5 -5 -10 -10 -5 5 20
20 5 -5 -10 -10 -5 5 20
0 0 0 0 0 0 0 0
//End Game Knight
 -80 -70 -60 -60 -60 -60 -70 -80
 -70 -60 20 30 30 20 -60 -70
 -60 10 60 55 55 60 10 -60
 -60 20 55 60 60 55 20 -60
 -60 20 40 50 50 40 20 -60
 -60 0 30 20 20 30 0 -60
 -70 -60 0 10 10 0 -60 -70
 -80 -70 -60 -60 -60 -60 -70 -80
//End Game Bishop
 -40 -20 -10 0 0 -10 -20 -40
 -20 -10 -2 10 10 -2 -10 -20
 -10 0 18 20 20 18 0 -10
0 10 15 20 20 15 10 0
0 10 14 18 18 14 10 0
 -10 0 8 10 10 8 0 -10
 -20 -10 0 5 5 0 -10 -20
 -40 -20 -10 0 0 -10 -20 -40
//End Game Rook
0 0 0 0 0 0 0 0
0 0 0 0 0 0 0 0
0 0 0 0 0 0 0 0
0 0 0 0 0 0 0 0
0 0 0 0 0 0 0 0
0 0 0 0 0 0 0 0
0 0 0 0 0 0 0 0
0 0 0 0 0 0 0 0
//End Game queen
 -10 10 15 20 20 15 10 -10
0 20 35 45 45 35 20 0
10 25 40 50 50 40 25 10
10 25 40 50 50 40 25 10
10 25 40 50 50 40 25 10
0 15 30 40 40 30 15 0
 -15 -10 0 10 10 0 -10 -15
 -30 -25 -15 -10 -10 -15 -25 -30
// End Game king 
 -50 -40 -30 -20 -20 -30 -40 -50
 -30 -20 -10 0 0 -10 -20 -30
 -30 -10 20 30 30 20 -10 -30
 -30 -10 30 40 40 30 -10 -30
 -30 -10 30 40 40 30 -10 -30
 -30 -10 20 30 30 20 -10 -30
 -30 -30 0 0 0 0 -30 -30
 -50 -30 -30 -30 -30 -30 -30 -50